516 366
976 797
58 15
434 324
126 74
654 12
675 319
641 440
578 110
963 213
256 46
39 26
168 58
153 110
895 460
141 53
395 54
746 447
699 636
846 329
497 6
729 640
116 26
109 61
938 799
33 21
439 82
207 161
117 45
745 680
279 83
542 85
987 818
616 358
338 210
656 82
626 223
528 28
502 259
709 493
315 242
545 356
64 27
305 277
62 4
86 27
395 241
814 108
855 177
439 393
985 85
922 709
369 35
474 394
101 84
773 468
960 873
888 39
626 435
358 88
797 221
720 226
185 43
731 216
655 440
170 56
851 696
84 5
33 14
809 324
317 284
911 600
603 131
459 275
661 426
442 164
142 37
62 20
144 46
672 125
369 233
455 153
908 252
102 79
504 303
342 129
229 209
144 137
389 232
